4
6
red 0.8988335970039842 0.3234794786012707 0.6536832534937934 0.7527692057780594
blue 0.23068745103379396 0.7140795094557988 0.8450580708537854 0.26104200311677084
red 0.42597267945193673 0.7780400208330652 0.08782807097605871 0.7091206924330127
blue 0.7925513841262763 0.5358745487643954 0.6501740445929899 0.24117023404334748
red 0.5404290759994123 0.1547830251981187 0.08864127976310421 0.8766335290417506
green 0.9138982578159293 0.24736821259040598 0.18395505632507325 0.5887900869936651
3
red 0.08381327267377592 0.6378837503753023 0.576039224677371 0.7921910715082465
green 0.8633956911840571 0.903709582207236 0.2084116776368189 0.008445017438237112
blue 0.688834111921839 0.9003684801348862 0.7605469122235027 0.8241518729829305
