4
7
green 0.12774861271967586 0.20848546480705643 0.5597608914202141 0.9441856396108123
blue 0.343544327725846 0.05569553529393967 0.051837044434649204 0.6005087141597891
blue 0.3855159271835059 0.8223120472544062 0.5035155845320508 0.5201037554466148
blue 0.026135722365900893 0.16531377919309465 0.17129841156809944 0.7245517294566111
blue 0.5024901262334533 0.9024020155942102 0.19104228945217683 0.21718596738033602
red 0.8142491776266836 0.057488477601068455 0.07622132456971775 0.5278406740171822
blue 0.6899925599568797 0.5347509999881744 0.27933417324354015 0.42795588284911024
3
red 0.8142491776266836 0.057488477601068455 0.07622132456971775 0.5278406740171822
green 0.12774861271967586 0.20848546480705643 0.5597608914202141 0.9441856396108123
blue 0.38953573269311714 0.49609487546476505 0.23940550064610328 0.4980612098584922
