4
6
blue 0.8988335970039842 0.3234794786012707 0.6536832534937934 0.7527692057780594
red 0.23068745103379396 0.7140795094557988 0.8450580708537854 0.26104200311677084
red 0.42597267945193673 0.7780400208330652 0.08782807097605871 0.7091206924330127
green 0.7925513841262763 0.5358745487643954 0.6501740445929899 0.24117023404334748
red 0.5404290759994123 0.1547830251981187 0.08864127976310421 0.8766335290417506
green 0.9138982578159293 0.24736821259040598 0.18395505632507325 0.5887900869936651
3
red 0.3990297354950476 0.5489675184956609 0.3405091405309828 0.6155987415305114
green 0.8532248209711029 0.3916213806774007 0.41706455045903157 0.4149801605185063
blue 0.8988335970039842 0.3234794786012707 0.6536832534937934 0.7527692057780594
