1
59
0.8430890812458649 
0.3119466926192407 
0.5475348288789721 
0.06573005031254175 
0.5647606087740515 
0.9423619320919757 
0.24838467324737057 
0.9278391836424215 
0.3835310160320303 
0.14496328478827591 
0.5675246146559257 
0.5999502037629963 
0.22786342797472503 
0.8644653252438267 
0.892037358359023 
0.024415258049213406 
0.2076195618973341 
0.6975040461594955 
0.563719235746283 
0.7736470408617501 
0.9717136588671528 
0.727743349363875 
0.6251431429902615 
0.9955772036159294 
0.542360320124047 
0.4839147675873392 
0.18320001697958366 
0.9389726355383524 
0.4704292471167215 
0.647774374607852 
0.301526021445244 
0.9595189755498668 
0.23552149286439772 
0.9446242529070525 
0.42794963801900643 
0.3538699144921762 
0.17473301900119909 
0.9859605796562947 
0.23906934468054386 
0.8463996643174848 
0.8656735774872416 
0.7019740390552166 
0.4412986964681054 
0.062185449967355755 
0.8121596504575636 
0.4010424661942792 
0.5061929650680064 
0.8597854707576652 
0.48510264938191483 
0.4240195551437066 
0.5375973031474486 
0.9686672842016723 
0.25646429385218394 
0.823037911645901 
0.46913343276791397 
0.9786801236976388 
0.5307533689576378 
0.4877083724033614 
0.5727681926628426 
