5
58
0.2829389582247127 0.09628708845090095 0.33106894019659994 0.426288951629081 0.9102627881819333 
0.18767412933064065 0.6364172414867401 0.7650741267390498 0.3148321477866459 0.11315847796071543 
0.9856391309851257 0.20536140544344517 0.7704327392254022 0.27988480005861105 0.8042373952479448 
0.6004861701772674 0.9131084963361434 0.925241363461468 0.3883424973386155 0.5323901347569602 
0.23006482496136238 0.7316914541363138 0.6180998802656572 0.17622447686042997 0.4143567047530802 
0.7576841098549816 0.02196451305006608 0.3329759646856364 0.5011630917788902 0.2969789003917769 
0.06522441176327631 0.03200221092878708 0.8118019280519293 0.3656346925984587 0.16205105384598362 
0.3329012095162289 0.12324021374764071 0.13407505831671418 0.3176013734608937 0.21492886203362427 
0.153706171277184 0.7710581152850357 0.4951726334907779 0.7322182186728913 0.40911174266641226 
0.8470422616828731 0.7731379309682335 0.9343421558899506 0.6703451519681731 0.656353023450865 
0.10736669033731427 0.4043011684446035 0.9180948986038812 0.5607209442992289 0.04706084556954071 
0.6498064547119367 0.28971825108201454 0.7311739357974596 0.06541461047362418 0.9987676221762636 
0.7417685321334794 0.4709319446968857 0.2612315066719091 0.09618389642515845 0.45214752233765154 
0.6388654134351885 0.06360929817256011 0.5771758191075007 0.6374503269455496 0.5612438788700952 
0.22903018012879506 0.9996845699784761 0.383922150901718 0.21891404444427465 0.8586697488263973 
0.6604042071115195 0.29454755366378504 0.42771163159573466 0.38346508756775666 0.48880184898972934 
0.24014457724833582 0.1918249592399549 0.46545887465742175 0.8166193061779026 0.2689376000112821 
0.4029922589974646 0.5461628892510708 0.45403933751027314 0.7769344312444323 0.5828288657968628 
0.3361608074185104 0.16873821672600575 0.37053452109798524 0.42124467325187365 0.8848968934034233 
0.36033560229660067 0.4631468573711294 0.45082582103039526 0.995573846418356 0.4502920011539039 
0.5391979169312413 0.31521921583831325 0.6573089610382965 0.266092661086336 0.19176095144969785 
0.7389721222708923 0.8551755070533392 0.4885962005554575 0.49414028406369437 0.486943378471025 
0.5884815260747988 0.052715079269678666 0.0010950909483052884 0.3133165574801352 0.17861569661967158 
0.2441346479552331 0.6919892453377846 0.14341005378674265 0.9800161244596521 0.11856529427629547 
0.466005095304889 0.5058921522768324 0.42129440553258557 0.7850631305664908 0.3786606928823749 
0.5386744333653402 0.8982742485890555 0.04124181890306522 0.6692214991534811 0.7286697492781454 
0.41668003758374206 0.8257386675411995 0.7701993004748323 0.9137658681014832 0.03943736032939393 
0.9620863675857639 0.9129823442758943 0.9747796844837947 0.13202483441885848 0.7081810525748422 
0.6477425968862808 0.07582084575775871 0.11904167776583752 0.6968264152790673 0.5811174676922941 
0.27340776954992696 0.9661335104161467 0.9553728078145813 0.9017647061460639 0.8078434677724652 
0.8836445913295391 0.8262590019799588 0.8117409524828832 0.41477179252522056 0.8118412476737592 
0.7753036545411639 0.8107562369157776 0.5504997366147301 0.09227849579582947 0.2708824788234344 
0.8907074430827435 0.5115849023586033 0.35585747276063684 0.1446659972504234 0.08949641945833076 
0.047351476966592254 0.06534860323147729 0.10338223975359084 0.5259890586972878 0.21341202269583215 
0.33863169159882855 0.3511073850437273 0.9920737563255568 0.8949367906205846 0.6486306947467639 
0.6028765908066057 0.41312898655997454 0.6403256379225689 0.7468974390532244 0.12294646930496944 
0.004811471514348575 0.18910272681142204 0.6900253835810222 0.8048292703952735 0.7519277957757442 
0.3522670001136533 0.16155068665199968 0.7252585631344874 0.914254016764259 0.708996717693041 
0.3767248101244858 0.050534616169412794 0.6245192016723421 0.9205193457153674 0.7335191002898384 
0.6512370756483432 0.28537085269131535 0.3301229747696597 0.030448438262647426 0.2900817800831008 
0.39499091162105326 0.9176989843558769 0.5102781262587829 0.7877370085697348 0.6351336963757633 
0.6078699862101704 0.20840361287564957 0.1427042331122087 0.5407074089088839 0.3926709305670306 
0.08567043901981153 0.18390694468317037 0.8366237138688097 0.7229156759329814 0.20762768943993792 
0.9684206408782304 0.575490447184747 0.14679488865864 0.7956847067082469 0.8018156187206236 
0.5388245586634368 0.2299158950040452 0.3203678053466352 0.45487376140380875 0.9748138959948491 
0.37790814976970977 0.9328501705331953 0.8779793288869484 0.6372578463530661 0.3008832458194429 
0.43815427686941844 0.47327293216589195 0.2631687769850619 0.508451516811547 0.7019032995379252 
0.7746965254629316 0.08061707828185471 0.4046617829553929 0.8522242948933856 0.20734723725617965 
0.6737551685383766 0.26414467476618797 0.8893823835820317 0.45009573783571344 0.5485563585412397 
0.6139043452878947 0.34795188098595253 0.8092149292653708 0.04065685567812971 0.31961693579055506 
0.46980689970700296 0.9258031987466978 0.7857901927879977 0.9809585773549339 0.9409404267439794 
0.08607565280849006 0.8336552614440671 0.07739990324965362 0.6210974178884875 0.38113623024913224 
0.6276605418750815 0.6740676420548227 0.8524341728789377 0.9716317074094787 0.49583870793528606 
0.3966882448995416 0.8718925609619128 0.7527289513311566 0.002327396418758454 0.815292554371531 
0.5717046305993528 0.786144546485037 0.49416337186377146 0.33827464995680434 0.3534191050997185 
0.9684961109261805 0.4447391421508601 0.21156156452587316 0.1030685029180074 0.5390327277941629 
0.7431221690770792 0.24206552535371673 0.37857168347279224 0.19484176272857934 0.9075390343337314 
0.42025343828702355 0.7451931903995289 0.7779177430613736 0.3116777615305293 0.7035832898489879 
