1
34
0.8012009846355551 
0.2601197046949254 
0.537538049701695 
0.24020527624739507 
0.41751335746446583 
0.29963088567740503 
0.9464648307230036 
0.6252752383499792 
0.9168172679732163 
0.3056268736829034 
0.4048919336786878 
0.27125841172810383 
0.6870415060842776 
0.8317878146130661 
0.13850359050923167 
0.25134620636170424 
0.5949343892489488 
0.960305404601158 
0.6904013188052595 
0.12410038081938768 
0.6970310595601822 
0.7173231101404375 
0.256503290954494 
0.46040490023992475 
0.7537528038858192 
0.8353086346889986 
0.5958196257962153 
0.4145089392219944 
0.2466202983680731 
0.3135612326166849 
0.969979692339486 
0.2517894124144402 
0.052663645044990104 
0.4087203430113021 
