3
87
0.6590509016054965 0.2081053291182784 0.3358831210944666 
0.03350755296589514 0.8842361050720811 0.8137970086521579 
0.380444044217224 0.7294525459246717 0.20504635306942476 
0.5115010094618219 0.2173409620222534 0.15538409115018514 
0.7867695435399064 0.06049142612713909 0.9437089048296117 
0.8562275169667495 0.36117590505535224 0.5809855249472414 
0.552799925752235 0.6831859827928657 0.0916869362570516 
0.6669193072725103 0.4181235276556331 0.46515791730306066 
0.8382073833860239 0.6005419615195206 0.12532409586270077 
0.40009166388377937 0.05492694009693422 0.43167732233502065 
0.6414505739761638 0.5956294087473504 0.5436566777925258 
0.05657053028591319 0.37865499241536515 0.2635871193913103 
0.6807724104616173 0.4595582874886064 0.1829906147458057 
0.30426354280934775 0.537595470824445 0.9653715976658274 
0.658862279619617 0.40426516145200697 0.5220490257520505 
0.6907002907029758 0.5258149945553412 0.31548107264365266 
0.7836859228965305 0.38071858934033387 0.8967291506453798 
0.6830354278714624 0.6446915710021829 0.46959161167017927 
0.4651240948622818 0.6464914962519677 0.7462237949637254 
0.5135528553185019 0.5941538645571943 0.4512762802141449 
0.4324589169966254 0.11096301832953137 0.21101251802824894 
0.47623996737553176 0.13397097250108592 0.045831097046935776 
0.22784869055000323 0.40845976958399943 0.15757958428301733 
0.6695983855066098 0.9339221064796062 0.7778432506816992 
0.3415588499287111 0.47055709370242527 0.43361748859008864 
0.7017810803415111 0.49310829509942256 0.37109510644799015 
0.7410642663760171 0.4840453584926202 0.3892438148296835 
0.5400286340678881 0.5844930400806136 0.6623235081003424 
0.3927755441889438 0.41060547373543965 0.32209277087366983 
0.20522482133145037 0.41179597072617924 0.1543309813495869 
0.6260155588208924 0.8222904791067818 0.014110896995682465 
0.07659010548045775 0.7523082515975203 0.7694841624788175 
0.9973023899158105 0.2721082914258569 0.2819336076375486 
0.10783554068524726 0.6106215470253339 0.4066150924717852 
0.1916757992784549 0.10435337235278264 0.926666266101359 
0.675644125620814 0.9936085901863682 0.35202197141411273 
0.5688072506464784 0.8322236367029663 0.4679366661028882 
0.22963816897186096 0.11458304224912474 0.6722821134148298 
0.2064040209512621 0.5224427842529079 0.015792999752503034 
0.519913700490394 0.78209554288476 0.3809448328637566 
0.8027747865515007 0.0642184351764643 0.8663411378199182 
0.3080328234392249 0.6733605431096356 0.36525293579782003 
0.024564545168479057 0.5334122611183486 0.3062642868097716 
0.9686969344584856 0.2403015312713349 0.9596038997397348 
0.8841601689650879 0.8471619882946685 0.44024519510826265 
0.8451829767935165 0.8634698008366186 0.32063844798627883 
0.42305877923790935 0.5286343146963602 0.9858838522902118 
0.19939752772052033 0.6308296002876438 0.7901441034507906 
0.39090186613910216 0.13973537894811094 0.14441962011624232 
0.8988441431351005 0.4591810823751147 0.606266300248783 
0.13260222808330613 0.9994696461486474 0.19324356096702344 
0.8940429452533626 0.7397564220213337 0.2550872595001066 
0.5250986157106703 0.37960121914578604 0.058023305373663625 
0.08149511102217377 0.9295950164904063 0.5420981358187726 
0.3972119799472308 0.884091633742695 0.11782549222611494 
0.3240311693979284 0.5393752347457634 0.939456229460015 
0.3866640862810623 0.08559790340635531 0.044857855036418925 
0.4515789046796388 0.4085242990478406 0.747575266931635 
0.9627533028700903 0.35662237942307606 0.8596838462021111 
0.7146675153143267 0.49108765269946775 0.15029471929752425 
0.3060302806178995 0.824593210845845 0.2306817965253687 
0.8683564326629887 0.19183839129616187 0.877750657499924 
0.6815264612378013 0.36348085336808833 0.6101993314918936 
0.2681228641625619 0.5416369435039711 0.19063217917835584 
0.7729782807788637 0.858152191083716 0.1857374677314957 
0.738320639104231 0.7436860310705087 0.5186361427216437 
0.42475775662712634 0.7245402753558258 0.048406762452403496 
0.6892652089683495 0.2770073975280669 0.8138885438582638 
0.23793333027907282 0.9062448320130998 0.01802617574879639 
0.9063145302356802 0.3385179562823062 0.4905132095649437 
0.21849165253312008 0.5981355820542807 0.39915477377791764 
0.4933871657039155 0.8281976828349598 0.42240926028214976 
0.02006846372824056 0.5560389832060147 0.6190007424847601 
0.7384416204230494 0.8300905920464385 0.5550266887951218 
0.46076364343614085 0.5591591322173723 0.3698634708134787 
0.7781713039096237 0.9717088471597299 0.18026571483892495 
0.7333191504206602 0.9033945744422582 0.058226631596310585 
0.2065529917090062 0.6216386401603586 0.23770067189634192 
0.7390661707484042 0.4584259188067983 0.1719046796452739 
0.5143066715057876 0.4349700436700593 0.2856524045664198 
0.03691898663626636 0.042995430491724496 0.59719614241344 
0.015539709349157382 0.7131626781624013 0.16208648911751167 
0.14700310162897723 0.6191868180174025 0.040636337311293125 
0.7499894059583413 0.7030586250803125 0.19215637348372716 
0.13132442478811535 0.020125372977807476 0.9848627077913351 
0.5148558675546412 0.7222859221715718 0.9450724907476002 
0.09766061115763292 0.783112389283059 0.09488135869962067 
